[avengers.jpg]
filters=dir_tint=1,0.506098,0.360087,1.000000,1.000000,ffffffff,0;
moddate=8f6b7f448a0ed401
width=1280
height=720
textactive=0
